NPC_Profile_1,NPC_Profile_2,NPC_Profile_3,NPC_Profile_4,NPC_Profile_5,NPC_Profile_6,NPC_Profile_7,NPC_Profile_8,NPC_Profile_9,NPC_Profile_10,NPC_Profile_11,NPC_Profile_12,NPC_Profile_13,NPC_Profile_14,NPC_Profile_15,NPC_Profile_16,NPC_Profile_17,NPC_Profile_18,NPC_Profile_19,NPC_Profile_20,NPC_Profile_21,NPC_Profile_22,NPC_Profile_23,NPC_Profile_24,NPC_Profile_25
104.7,118.05,131.5,140.7,157.8,173.35,186.3,203.7,204.5,183.2,169.05,157.15,152,164.85,169.95,183.05,191.65,175.55,130.8,100.75,89.85,94.65,104.35,108,98
71.95,83.95,104.55,127.1,153.45,179.6,193.25,198.95,200,193.25,169.6,141.9,129,134.35,158.05,173.65,182.9,184.15,162.15,124.15,105.6,93.4,82.6,72.05,63.9
106.45,121.55,128.45,133.55,137.65,147.95,160.85,170.3,164.6,139.1,122.5,137.8,135,115.45,118.15,120.8,134.6,137.9,124.3,107.9,101.9,89.6,79.65,69.5,57.4
113.8,126.7,125.1,124.35,123.15,120.8,115.2,108.8,111.7,106.65,97.8,96.65,101,96.1,93.65,100.7,109.05,115.65,108.2,105.8,93.4,79.6,68.15,67.3,64.65
78.25,105.15,117.75,123.85,132.05,128.35,131.3,145.35,151.2,141.1,128.55,119.3,127,136.7,148.15,158.4,163.4,160.15,149.45,131,124.35,117.65,97.45,74.4,57.8
69.25,81,87.15,88.2,83.2,71.35,64.95,62.8,66.1,61.85,58.6,64.35,77,71.9,49.5,57.5,74.1,96.7,100.15,73.9,62.15,60.75,59.2,59.9,48.3
74.75,96.3,107.85,115.75,108.05,96.55,101.15,108.55,125.85,117.25,117.2,139.6,172,133.4,107.9,109.55,116.95,110.35,85.4,78.35,83.2,86.15,88.25,73.35,65.75
28.15,36.8,47.4,58.3,74.4,85.95,88.25,92,76.5,61.7,60.8,85.85,97,90.65,50.75,42.35,41.8,57.1,72.55,80.65,87.45,88,85.75,70.45,61.85
52.85,54.1,55.05,54,60.35,69.05,86.05,125.55,151.5,158.95,165.9,197.2,193,142.55,131.85,126.75,133.25,133.2,105.3,87.7,77.6,71.8,66.45,65.2,48.65
63.5,69.9,78.2,86.4,102.4,118.6,112.35,103.9,110.05,100,95.75,95.95,102,97.3,92.7,104.6,119.15,114.45,95.9,82.7,68.65,73.9,60.15,48.7,41.15
29.5,34.55,39.6,53.3,60.55,65.35,70.25,78,84.65,89,119.95,127.2,111,125.05,76.4,69.1,85.3,97.25,101.25,88.15,76,69.7,72.75,71.95,58.5
48.5,47.6,50.6,51.05,51.9,69.45,83.85,93.15,89.35,79.45,73.25,95.2,96,81.3,59.1,60.15,64.85,67.55,72.85,69.2,48.3,38.95,36.55,39.35,37.65
77.55,83.1,77.25,67.5,65.2,58.45,55.85,87.4,104.1,106.35,99.75,85.35,91,99.4,102.5,117.65,129.1,136.55,123.85,81.65,51.8,30.15,41.9,39.25,39.6
81.8,87.4,84.65,84.3,74.2,78.45,85.65,108.3,117.45,117.1,103.8,91.3,87,76.7,93.55,114.45,130.6,113.45,95.1,92.5,87.15,76.95,62.65,63.8,50.75
88.8,116.9,124,131.9,138.4,130.7,129.55,145.6,171.95,167.85,177.95,189.05,169,157.2,121.85,119.1,127.8,138.4,99.65,86.1,80.6,70.35,69,55.65,51.9
55.45,59.6,70.2,75.55,80.55,75.9,76.5,87.75,104.1,106.8,96.15,94.65,129,107.6,78.8,94.9,105.3,108.6,87.8,68.2,51.6,49.6,46.65,48.25,49.25
41.7,51.8,62.65,77.7,82.95,76,86.3,99.45,116.25,123.3,123.8,145.7,171,178.05,142.35,112,107.9,110.3,85,66.2,48.7,41.2,36.3,35.55,31.35
42.8,48.8,57.9,68.65,85.3,96.25,106.45,103.95,95.25,88.05,78.2,71.4,72,74.85,100,113.9,111.85,101.45,99.75,90.2,74.3,64.55,60.4,44.0588235294118,40.1333333333333
36.25,49.7,47.35,44.5,41.95,49.4,61.7,100.85,119.85,105.45,85.3,69.05,79,94.45,82.1,93.5,101.9,111.2,80.7,54.95,45.05,48.65,57.8,62.05,52.35
37.2,44.65,48,43.7,52.25,60.45,75.15,90.75,104.9,112.35,100.15,75.7,64,70.55,86.75,101,113.1,117.05,88.45,62.35,44.7,48.9,49.65,42.1,38.25
23.75,29.85,36.85,39.5,43.65,55.75,67.25,81.25,93.2,94.8,81.8,78.25,96,94.25,89.1,94.3,101.85,103.2,85.65,61.2,41.8,43.4,41.35,37,35.75
39.5,48.95,59.35,67.1,79.3,78.35,91.5,121.65,135.6,124.85,115.4,117.55,97,93.45,107.55,120.1,136.15,119.8,84.25,78.6,80.05,85.6,91.4,74.3,61.65
37.55,46.8,55.5,56.85,67.55,90.65,107.95,127.65,139.4,137.25,129.4,115.4,125,111.6,111.5,119.35,121.45,107.75,67.95,40.45,29.5,25.75,25.95,25.75,24.55
45.9,51.45,55.15,57.15,69.95,80.8,94.9,116.45,143.95,148.2,131.15,100.2,98,96.05,103.25,113.7,124.8,134.65,118.1,100.45,92.3,83.7,80.15,73.4,61.2
59.8,67.55,76.15,82.45,97,115.8,117.65,122.6,119.6,123.4,111.1,100.95,99,115.05,122.8,129.1,139.5,144,132.05,126,104.4,92.45,82.7,68.15,59.75
49.9,53.75,54.9,55.7,56.5,67.5,87.35,111.2,113.3,111.7,105.35,107.25,90,103.75,116.9,127.15,136.25,107,98.5,83.3,59.5,50.9,49.65,52.85,53.05
35.4736842105263,41.25,42.35,47.95,63.8,78.5,79.5,94.2,99.4,96.7,92.9,67.95,65,74.05,91.8,99.95,106.3,110.65,105.5,94.65,61.35,53.1,48.65,49.1,43.6111111111111
15.85,14.85,13.25,12.5,15.35,24.95,34.95,57.65,83.25,71.05,50,25.9,33,22.85,28.8,46.1,67.7,60.6,43.3,38.1,25.95,21,18.9,18.65,17.15
42,53.55,72.25,80.4,99.45,109.75,105.25,100.05,100,84.85,49.6,37.15,29,33.1,51,73.7,84.6,91.45,84.75,83.1,74.4,65.6,58.05,42.8,33.1
25.25,27.55,26.3,24.05,23.3,27.2,36,53.2,74.4,83.4,77.05,56.85,58,60.65,77,81.25,85.7,79.65,58.85,47.15,38.4,31.4,30.3,34.5,32.45
38.15,43.35,46.7,48.6,60.2,69.75,74.2,82,98.7,100.9,84.95,62.95,54,57.05,60,64.1,85.25,93.25,69.05,54.8,42.3,31.75,31.75,30.5,28.6
18.2,23.25,24.65,21.95,23.15,29.6,42.95,72.3,88.6,76.25,65.8,58.15,79,65.1,65.65,86.8,97.35,91.75,72.2,60.4,49.85,49.2,48.25,46.1,47.35
27.15,31.75,35.95,38.35,42.05,51.7,58.4,75.5,82.45,88.55,76.1,47.6,48,40.15,54.3,72.7,81.4,71.35,45.1,36.55,33.4,27.55,25.8,24.1,24.9
28.35,32.45,34.05,32.25,33.05,39.15,48.6,76,80.4,79.05,61.6,37.55,22,46.7,52.45,70,83.9,84.15,73.05,66.3,65.95,64.5,59.25,54.95,48.35
13.85,17.3,18.1,20.75,24.15,33.85,43.8,57.25,80.85,85.65,54.2,26.45,25,34.55,46.1,67.2,92.15,93.4,70.2,57.4,43.6,41.9,45.55,46.05,42
26.65,27.85,25.4,22.85,24,26.5,38.05,59.6,80.95,82.1,79.25,63.95,76,53.55,57.3,72.85,80.6,76.05,41.8,32.1,26.15,23.65,20.85,21,16.25
19.35,22.85,27.85,25.3,30.75,42.55,51.3,64.4,72.5,72,61.45,51.6,40,54.4,66.8,79,91.25,76.85,48.35,31.45,19.85,18.75,18.4,19.2,16.55
32.95,41.55,46.8,52.65,57.1,62.6,64.7,70.55,91.15,97.45,85.2,79.05,69,68.45,75.7,88.2,87.15,92.65,84.9,79.2,71.4,70.05,63.5,59.7,46
43.2,45.5,51.85,58.3,67.6,76.25,77.45,93.35,99.2,86,75.5,67.2,77,53.3,63.65,82.2,91.1,73.65,45.6,38.8,42.95,43.7,44.35,39.55,32.25
64.3,70.3,63.6,58.65,54.95,55.45,57.55,69.1,71.15,67.5,50.2,23,21,29.5,52.45,58.2,66.35,79.5,77.8,73.9,67.65,61.5,61.9,56.95,46.25
27.35,29.55,30.2,34.15,40.75,46.05,49.65,64.25,68.85,46.65,25.4,25.15,27,22.85,24.05,41.75,77.75,63.35,46.2,39.4,36.25,39.75,46.5,42.4,35.15
44.25,57.3,60.95,60.35,62.35,65,62.35,75.45,96.3,86.5,63.75,35.45,36,45.3,49.8,71.05,82.85,85.15,63,55.9,63.45,60.95,57.85,45.5,41.85
51.15,56.4,52.15,50.75,53.55,54.3,60.55,74.65,93.7,92.9,87.05,58.55,45,54.7,55.15,68.2,88.3,89,70,60.75,51.95,58.55,53.6,51.95,43.3
80.75,91.5,89.35,83.85,74.65,81.75,81.4,97.95,108.2,117.55,108.4,86.25,75,76.25,101.05,108.4,118.3,126.35,112.6,101.1,92.15,95,93.45,99.4,91
71.7,73.05,63.25,61.85,67.25,81.55,90.9,111.9,132.05,128.6,110.6,76.95,65,70.3,88.7,111.55,116.9,117.05,98.8,86.6,79.85,76.1,79.35,77.55,75.75
41.55,54.25,57.1,61.6,72.15,83.5,91.65,87.15,84.65,87,72.85,54.35,51,54.9,65.65,73.45,76.5,69.75,59.35,56.75,57.5,53.7,53.75,55.65,49.15
34,39.65,45.55,45.6,40,43.3,54.85,75.2,93.4,85.6,69.6,62.4,73,64.85,72.55,84.65,104.65,112.65,110.6,103.1,88.3,60.65,47.75,34.85,27.3
49.95,65.45,76.95,75.55,73.95,78.65,87.95,99.2,106.25,97.65,92.5,92,86,83.75,85.35,91,113.5,118.05,95.5,80.65,60.55,49.5,42.15,36.85,31.2
26.7,34.75,50.35,57.75,72.5,70.55,72.8,78.9,88.3,87.15,73.55,51.95,41,37.8,55.65,72.2,84.45,87.3,82.1,76.55,73.55,67.9,64.45,52.25,40.5
26.9,29.9,34.05,40.8,46.05,50.1,53.4,64.9,73.3,80.35,76.85,66,63,68,67.6,81.8,94.25,103.3,91.4,89.25,88.7,82.35,75.25,72.05,65.3
33.2,50.05,58.95,65.4,66,76.75,73.25,92.15,104.15,97.7,87,70.05,76,70.2,77.3,88.5,103.5,107.55,88.15,73,66.15,69.95,76.25,80,68.35
48.35,57.8,70.3,75.1,76.95,90.5,99.55,110.25,120.3,129.1,123.95,113.2,114,111.3,101,107.05,115.85,125.85,122.45,109.9,109.15,97.7,85.35,66.6,43.3
56.75,68.3,79,82.4,82.35,66.65,70.65,89.15,90.05,81,63.65,56.35,52,58.9,62.45,76.5,90.05,92.45,78.35,74.4,75.65,76.6,70.9,69,53.6
16,21.85,22.1,25,31.7,44.55,58.05,79.4,90,79.4,66.35,69.4,81,79.85,58.15,57.45,66.05,77,44.1,29.9,27.8,38.85,44.65,47.45,45.7
46.85,56.65,61.8,59.1,57.55,58.7,68.8,89.55,99.05,97.65,84.25,72,72,66,76.4,81.85,93.75,97.65,81.2,76.95,82.55,88.5,76.6,59.05,51.4
46.85,58.05,57.75,47.6,38.85,36.55,39,58.95,78.5,80.45,76.8,71.2,69,73.8,79.1,89.85,101.6,105.65,90.35,77.9,66.25,61.5,60.05,53.55,47.25
32.2,41.05,42.4,45.25,45.75,44.55,50.75,68.2,79.65,78,65.3,59.05,84,77.95,61.5,71.75,86.55,90.9,71.1,49.8,35,40.6,50.1,61.95,51.5
38.6,50,60.65,76.95,90.6,110.15,107.1,113,109.85,95.1,76.85,66.5,61,60.25,69.25,82.65,92.45,98.35,82.25,77.6,72.85,68.15,55.55,41.55,40.15
60.05,69.15,73.1,74.1,72.5,70.15,78.9,100,101.35,88.1,71.75,65.85,67,63.9,75.9,86.8,93.45,92.7,87.6,91.7,91.5,73.4,34.15,23.1,12.9
53.7,76.6,97.15,105.5,107.15,97.55,102.7,108.45,96.95,82.75,70.1,54.6,41,45.9,59.45,67.9,76,79.85,73.75,77.05,77.4,75.65,65.3,58.05,49.4
74.1,81.6,74.1,71.6,53.65,49.15,58.9,80,93.5,90.35,80,66.2,59,61.55,80.3,91.75,99,104.15,92.8,83.6,66.65,64.55,63.85,61.2,54.25
86.2,103.5,104.85,114.1,123.3,138.9,125.5,122.85,129.7,119,96.75,79.1,81,75.15,72.9,83.1,91,96.55,72.85,50.9,37.35,37.05,39.25,36.1,30.85
82.5,104.05,93.05,97.75,90.4,84,82.4,91.75,90,81.1,72.05,64.7,77,55.8,66.75,84.5,86.8,75.25,69.85,65.25,63.85,57.5,56.35,45.35,39.7
51.1,58.8,71.2,75.2,83.25,92.75,98.1,104.6,92.9,94.35,90.7,69.25,55,69.5,84,91.4,102,102,80,71.15,70.1,71.55,67.5,63.1,53.1
66.75,75.6,75.2,80.55,80.6,91.7,94.7,106.7,114.05,109.15,108.85,133.7,145,136.55,122.1,121.75,130.7,136.1,123.75,121.8,115,106.4,89.65,78.2,60.2
50.1,57.2,59.4,64.3,64.3,60.7,59.1,76.3,77.55,64.05,55.55,50,59,67.5,69.55,78.4,91.05,88.95,57.25,48.55,45.5,43.8,44.2,36.95,32.15
40,44.55,43.75,45.1,41.05,47.05,59.4,86.25,105.65,98.35,85.95,82.65,85,95.35,96.75,106,113.65,119.2,99.45,92.6,77.8,70.25,68.45,68.55,65.35
63.05,66.7,66.25,67.25,78,79.85,81.9,83.5,82.35,70.15,62.25,59.25,65,66.5,73.05,77.3,88.5,90.55,79.2,82.6,95.35,95.5,97.55,96.2,84
33.25,43.9,44.45,46.95,52.45,64.65,71.15,86.9,91.15,96.1,88.65,84.25,87,82.25,83.1,86.8,90.3,112.55,113.55,98.2,91.35,87.35,76.15,72.3,63.85
54.4,62.1,59.85,60,56.15,63.95,78.1,94.4,95.6,83.2,64.3,55.15,60,56.1,64,73.35,86.35,89.05,71.65,72.95,73,79.6,87.45,93.45,93.55
19.95,22.5,22.3,25.15,35.85,47.75,56.2,72.65,88.35,78.15,68.7,60.05,63,60.2,57.55,65.5,77.45,82.65,55.6,41.25,34.8,35.6,37.15,42.9,50
27.45,44.4,51.6,64.25,74.2,81.45,87.3,85.95,98.15,90.8,67.5,55.6,60,62.4,74,78,86.5,85.75,62.9,45,44.45,55,59.6,56.5,49.8
69.8,91.55,102.5,99.3,102.85,103.7,110.7,115.8,111.3,107.6,88.05,75.5,81,76.25,88.7,104.55,116.25,107.35,80.35,75.5,70.2,60.25,46.35,37.45,27.35
86.35,94.9,91.45,95.35,96.35,95.75,98.2,110.35,126.1,113.75,104.5,97.9,91,103.6,103.45,109.45,130.6,126.3,107.7,97.5,83.95,86.3,84.95,80.95,73.1
15.25,19.2,21.8,21.95,27.3,45.4,59.35,80.2,94,84.85,66.55,48.65,37,39.85,59.35,74.5,89.2,82.2,73.65,69.85,60.25,47.5,44.5,46.4,41.25
44.3,45.6,42,36.1,38.25,53.8,67.35,89.3,104.25,99.55,81,59.6,44,50.15,58.8,69.9,80.65,87.25,72.55,51.1,43.5,56.65,57.95,50.5,46.85
40.65,48.2,61.6,74.1,87.6,90.85,93.65,106.75,113.75,98.45,85.75,75.75,90,86.5,87.45,100.3,110.35,116.6,88.65,75.1,71.15,69.3,70.9,60.15,46.6
62.2,70.15,69.75,69.1,66.7,73.65,81.8,103.3,129.2,121.5,106.6,96.95,86,88.05,91.75,96.3,113.65,125.35,100.75,87.65,68.6,59.75,63.45,71.65,66.3
91.15,100.5,88.45,94.45,91.3,89.9,91.95,114.75,129.7,118.05,106,96.15,94,96.85,101.25,109.1,124.2,123.75,94.75,83.25,71.95,66.35,62.95,63.35,48.15
44.3333333333333,50.8125,56.5625,60.6470588235294,53.0526315789474,52.9,51.95,49.65,52.45,55.4,62.05,74.05,89,80.45,67.6,73.05,83.15,80.85,83.8,90,88.8333333333333,91,79.6,78.4666666666667,72.5714285714286
32.4,39.3,36.75,37.4,44.15,56.25,72.85,100.85,107.8,99.15,97.35,88.8,90,103.2,108.25,118.9,128.5,124.8,103.55,90.25,84.7,78.7,70.2,64.95,53.15
19.5,30.25,40.2,46.45,55.8,67.8,75.2,87,92.2,83.05,73.8,72.05,78,74.45,68.55,76.75,87.9,96.8,72.15,70,80.8,81.05,77.05,66.1,44.75
47.45,64.9,78.2,87.95,86.95,76,73.9,88.55,98.3,92,89.05,96.6,106,104.9,86.1,85.55,88.6,74.85,45.9,39.4,35.25,35.2,41.65,48.1,44.7
36.1,42.05,50.9,55.9,59.3,60.7,63.8,76.75,86.65,80.55,57.95,44.9,49,55.6,64.35,78.6,91.9,89.85,77.85,75.8,57.95,46.8,39.5,34.75,37.1
